2.0 0.8
2 3 4 
3 4 
3 4 5 
2 3 5
2 5 3 6
4 5 
3 4 7
4 7 8
7 8 9
7 8 9
6 7 9
5 7 8
1 2 3 
1 2 3 
1 2 3 
1 2 3 
2 8 9
7 8 9
2 8 7
8 9 10
8 9 11
8 9 10
20 21 22
20 21 22
21 22 23
68 85 9 111 
3 
68 10 91 76 
65 4 100 57 
83 4 100 91 
4 100 74 91 
4 74 75 76 
65 83 5 74 
65 83 6 74 
65 83 7 74 
65 9 74 91 
65 83 10 74 
1 83 100 74 
65 74 11 91 
1 65 74 91 
65 2 83 74 
100 11 91 109 
65 5 74 91 
65 83 6 91 
65 83 9 74 
65 70 7 59 
85 74 11 91 
65 83 74 15 
65 2 74 
65 83 9 74 
65 83 74 12 
65 83 74 14 
66 83 75 15 
18 66 85 76 
66 19 85 76 
66 21 85 76 
66 86 23 76 
66 86 26 76 
66 83 27 76 
1 65 85 76 
65 2 83 74 
3 83 4 74 
65 3 83 74 
83 4 
83 5 
83 6 
85 9 76 
85 7 74 
65 85 6 74 
66 7 
10 
85 11 76 
65 85 9 74 
65 83 4 74 
1 65 
1 65 
1 65 
1 65 83 74 
1 83 74 
1 5 10 
1 65 74 
65 2 74 
1 
2 
1 